[gd_scene load_steps=6 format=3 uid="uid://b3utv1asyo0gj"]

[ext_resource type="Script" path="res://Enemy.gd" id="1_o26gs"]

[sub_resource type="CapsuleMesh" id="CapsuleMesh_227hy"]

[sub_resource type="StandardMaterial3D" id="StandardMaterial3D_1k51d"]
albedo_color = Color(0, 0, 0, 1)
metallic_specular = 0.0

[sub_resource type="BoxMesh" id="BoxMesh_wj44l"]
material = SubResource("StandardMaterial3D_1k51d")

[sub_resource type="BoxShape3D" id="BoxShape3D_baocp"]
size = Vector3(0.9, 1.9, 0.9)

[node name="Enemy" type="CharacterBody3D"]
script = ExtResource("1_o26gs")

[node name="MeshInstance3D" type="MeshInstance3D" parent="."]
mesh = SubResource("CapsuleMesh_227hy")

[node name="MeshInstance3D2" type="MeshInstance3D" parent="."]
transform = Transform3D(0.8, 0, 0, 0, 0.3, 0, 0, 0, 0.525, 0, 0.54, -0.34)
mesh = SubResource("BoxMesh_wj44l")

[node name="CollisionShape3D" type="CollisionShape3D" parent="."]
shape = SubResource("BoxShape3D_baocp")

[node name="Rays" type="Node3D" parent="."]

[node name="RayCast3D" type="RayCast3D" parent="Rays"]
transform = Transform3D(1, 0, 0, 0, 1, 0, 0, 0, 1, 0, 0.5, -0.7)
target_position = Vector3(0, 0, -5)
debug_shape_thickness = 5

[node name="RayCast3D2" type="RayCast3D" parent="Rays"]
transform = Transform3D(0.984808, 0, -0.173648, 0, 1, 0, 0.173648, 0, 0.984808, 0, 0.5, -0.7)
target_position = Vector3(0, 0, -5)
debug_shape_thickness = 5

[node name="RayCast3D3" type="RayCast3D" parent="Rays"]
transform = Transform3D(0.984808, 0, 0.173648, 0, 1, 0, -0.173648, 0, 0.984808, 0, 0.5, -0.7)
target_position = Vector3(0, 0, -5)
debug_shape_thickness = 5

[node name="RayCast3D4" type="RayCast3D" parent="Rays"]
transform = Transform3D(0.939693, 0, 0.34202, 0, 1, 0, -0.34202, 0, 0.939693, 0, 0.5, -0.7)
target_position = Vector3(0, 0, -5)
debug_shape_thickness = 5

[node name="RayCast3D5" type="RayCast3D" parent="Rays"]
transform = Transform3D(0.939692, 0, -0.34202, 0, 1, 0, 0.34202, 0, 0.939692, 0, 0.5, -0.7)
target_position = Vector3(0, 0, -5)
debug_shape_thickness = 5

[node name="RayCast3D6" type="RayCast3D" parent="Rays"]
transform = Transform3D(0.866025, 0, -0.5, 0, 1, 0, 0.5, 0, 0.866025, 0, 0.5, -0.7)
target_position = Vector3(0, 0, -5)
debug_shape_thickness = 5

[node name="RayCast3D7" type="RayCast3D" parent="Rays"]
transform = Transform3D(0.866025, 0, 0.5, 0, 1, 0, -0.5, 0, 0.866025, 0, 0.5, -0.7)
target_position = Vector3(0, 0, -5)
debug_shape_thickness = 5
